# Colored Glass Torus Scene
# Format:
# torus x y z R r material r g b [extra]

# White background (simple ground)
xy_rect -8 8 -8 8 0 lambertian 0.8 0.8 0.8

# Spheres:
torus 1.1154 -1.8499 0.9125 0.4893 0.1736 dielectric 1.0 1.0 1.0 1.5
torus 1.4136 3.3531 0.6304 0.5688 0.1030 dielectric 1.0 1.0 1.0 1.5
torus -2.2509 1.0321 0.5398 0.4795 0.1650 dielectric 1.0 1.0 1.0 1.5
torus 0.3595 -0.6774 1.3839 0.7238 0.1006 dielectric 1.0 1.0 1.0 1.5
torus 2.4466 2.1888 1.0104 0.4622 0.1957 dielectric 1.0 1.0 1.0 1.5
torus -1.3072 -1.4435 0.6451 0.7390 0.1604 dielectric 1.0 1.0 1.0 1.5
torus 2.4570 2.3784 1.3043 0.7892 0.1379 dielectric 1.0 1.0 1.0 1.5
torus 0.4163 2.9764 1.4278 0.7447 0.1577 dielectric 1.0 1.0 1.0 1.5
torus 1.6366 -1.7251 0.8418 0.5158 0.1080 dielectric 1.0 1.0 1.0 1.5
torus -2.1377 -1.3940 0.9170 0.6543 0.1365 dielectric 1.0 1.0 1.0 1.5
torus -1.0386 -0.7430 0.9005 0.7747 0.1648 dielectric 1.0 1.0 1.0 1.5
torus 0.8730 -0.9732 1.5937 0.4654 0.1379 dielectric 1.0 1.0 1.0 1.5
torus 3.9162 1.8400 1.3354 0.6738 0.1843 dielectric 1.0 1.0 1.0 1.5
torus 2.2080 -0.6257 0.5482 0.5262 0.1268 dielectric 1.0 1.0 1.0 1.5
torus -2.3121 3.6575 1.8146 0.5259 0.1655 dielectric 1.0 1.0 1.0 1.5
torus -0.8349 3.4873 1.1883 0.5060 0.1247 dielectric 1.0 1.0 1.0 1.5
torus 0.4909 -0.4236 1.3769 0.7591 0.1399 dielectric 1.0 1.0 1.0 1.5
torus -2.2454 3.9852 1.2643 0.4364 0.1047 dielectric 1.0 1.0 1.0 1.5
torus -3.1228 1.7647 1.6881 0.5689 0.1064 dielectric 1.0 1.0 1.0 1.5
torus -0.9470 3.9767 1.2937 0.7884 0.1861 dielectric 1.0 1.0 1.0 1.5
torus -3.9082 2.3243 1.5226 0.6148 0.1267 dielectric 1.0 1.0 1.0 1.5
torus 1.1277 -1.3307 1.1521 0.5815 0.1954 dielectric 1.0 1.0 1.0 1.5
torus 3.0068 -0.4197 1.2509 0.4715 0.1913 dielectric 1.0 1.0 1.0 1.5
torus 2.9641 -0.2093 1.4584 0.6436 0.1153 dielectric 1.0 1.0 1.0 1.5
torus 2.1001 1.2363 1.6679 0.6121 0.1001 dielectric 1.0 1.0 1.0 1.5
torus -1.4068 -1.8831 1.8936 0.7515 0.1832 dielectric 1.0 1.0 1.0 1.5
torus -1.5399 -1.6524 1.8170 0.7788 0.1086 dielectric 1.0 1.0 1.0 1.5
torus -0.1121 -1.5847 1.6409 0.7063 0.1128 dielectric 1.0 1.0 1.0 1.5
torus -0.1977 1.2988 0.8976 0.7490 0.1423 dielectric 1.0 1.0 1.0 1.5
torus -2.3056 1.2358 1.5949 0.4805 0.1312 dielectric 1.0 1.0 1.0 1.5
torus 3.9612 1.8993 1.1572 0.6070 0.1121 dielectric 1.0 1.0 1.0 1.5
torus -2.2024 0.0285 1.3825 0.4920 0.1220 dielectric 1.0 1.0 1.0 1.5
torus -3.4321 1.7866 0.8434 0.7622 0.1860 dielectric 1.0 1.0 1.0 1.5
torus -3.4331 -0.5720 1.5035 0.4857 0.1132 dielectric 1.0 1.0 1.0 1.5
torus 3.4841 1.4263 1.2090 0.7138 0.1807 dielectric 1.0 1.0 1.0 1.5
torus -2.4767 -1.4184 1.1466 0.5694 0.1467 dielectric 1.0 1.0 1.0 1.5
torus 1.8326 2.0402 1.9762 0.4394 0.1403 dielectric 1.0 1.0 1.0 1.5
torus -1.2856 3.1700 0.8730 0.4761 0.1449 dielectric 1.0 1.0 1.0 1.5
torus -0.6249 -0.3287 0.8747 0.7693 0.1443 dielectric 1.0 1.0 1.0 1.5
torus 2.8908 1.3020 0.5759 0.7997 0.1836 dielectric 1.0 1.0 1.0 1.5
torus 3.7520 3.5582 1.7730 0.4665 0.1486 dielectric 1.0 1.0 1.0 1.5
torus -2.2900 0.4062 0.5880 0.5516 0.1985 dielectric 1.0 1.0 1.0 1.5
torus -1.8784 2.7044 1.1825 0.5692 0.1957 dielectric 1.0 1.0 1.0 1.5
torus 3.9634 1.3346 1.5776 0.4619 0.1297 dielectric 1.0 1.0 1.0 1.5
torus 3.7497 1.4751 1.3133 0.6992 0.1057 dielectric 1.0 1.0 1.0 1.5
torus 0.6734 1.0171 1.7791 0.4630 0.1961 dielectric 1.0 1.0 1.0 1.5
torus -3.3591 -0.8851 1.3926 0.6701 0.1235 dielectric 1.0 1.0 1.0 1.5
torus -3.0409 3.3417 0.8693 0.6378 0.1619 dielectric 1.0 1.0 1.0 1.5
torus -0.6462 1.5020 1.2842 0.7739 0.1204 dielectric 1.0 1.0 1.0 1.5
torus 1.7295 -0.5679 1.0937 0.6687 0.1300 dielectric 1.0 1.0 1.0 1.5
